startign
0.5745300194536218
1.3179432025543496
starting
1.2787867830892585
1.270723285244157
1.262527582494681
1.2542005275143522
1.2457429866424594
1.237155839793926
1.2284399803677641
1.2195963151541267
1.2106257642399656
1.2015292609133057
1.1923077515661484
1.1829621955960081
1.173493565306098
1.1639028458041722
1.1541910349000368
1.1443591430017381
1.1344081930104406
1.1243392202140055
1.1141532721792797
1.1038514086431093
1.0934347014020833
1.0829042342010275
1.0722611026202509
1.0615064139615624
1.0506412871330695
1.0396668525327664
1.0285842519309298
1.01739463835133
1.0060991759512696
0.9946990399004689
0.983195416258799
0.9715895018528871
0.9598825041515991
0.9480756411404159
0.9361701411947152
0.9241672429519723
0.9120681951828932
0.8998742566614946
0.8875866960341405
0.8752067916875554
0.8627358316158203
0.8501751132863722
0.8375259435050157
0.8247896382799653
0.8119675226849279
0.7990609307212444
0.7860712051791003
0.7729996974978245
0.759847767625285
0.7466167838764024
0.7333081227907913
0.7199231689895463
0.7064633150311874
0.692929961266779
0.6793245156942402
0.6656483938118548
0.6519030184710084
0.6380898197281517
0.6242102346960231
0.6102657073941287
0.5962576885985112
0.5821876356908106
0.5680570125066396
0.5538672891832885
0.5396199420067721
0.5253164532582393
0.5109583110597573
0.4965470092194892
0.48208404707627905
0.4675709293436623
0.4530091659533163
0.4384002718979703
0.42374576707378275
0.40904717612221814
0.3943060282714194
0.37952385717711334
0.3647022007630454
0.3498426010609804
0.3349466040502674
0.3200157594969987
0.3050516207927738
0.2900557447930853
0.27502969165534574
0.25997502467656963
0.24489331013072985
0.2297861171058032
0.21465501734052614
0.19950158506086815
0.18432739681625626
0.16913403131554666
0.15392306926278249
0.13869609319273385
0.12345468730625692
0.10820043730547169
0.09293493022878856
0.07765975428579393
0.062376498692014344
0.04708675350357591
0.031792109451776344
0.016494157777586654
Robins-MacBook-Pro:myApp robinmalhotra$ node newtonRhapson.js
Execution time (hr): 0s 0.006265ms
startign
0.5745300194536218
1.3179432025543496
starting
/Users/robinmalhotra/Developer/TXL752/myApp/newtonRhapson.js:89
    return F(3.14/2) - F(phi) - 2(E(3.14/2) - E(phi))
                                 ^

TypeError: 2 is not a function
    at y (/Users/robinmalhotra/Developer/TXL752/myApp/newtonRhapson.js:89:34)
    at Object.<anonymous> (/Users/robinmalhotra/Developer/TXL752/myApp/newtonRhapson.js:95:17)
    at Module._compile (module.js:430:26)
    at Object.Module._extensions..js (module.js:448:10)
    at Module.load (module.js:355:32)
    at Function.Module._load (module.js:310:12)
    at Function.Module.runMain (module.js:471:10)
    at startup (node.js:117:18)
    at node.js:951:3
Robins-MacBook-Pro:myApp robinmalhotra$ node newtonRhapson.js
Execution time (hr): 0s 0.005689ms
startign
0.5745300194536218
1.3179432025543496
starting
-0.2220183093913397
-0.2143842219906149
-0.20684173238464387
-0.19939222623752206
-0.19203707151592653
-0.18477761792512748
-0.17761519632810097
-0.17055111814719104
-0.16358667474769062
-0.15672313680274863
-0.14996175363898834
-0.14330114027421748
-0.1367476025011083
-0.1302998289461763
-0.12395897658559285
-0.11772617747136715
-0.11160253794867137
-0.10558400327386885
-0.09968171680910487
-0.09389174458891159
-0.08821508197703132
-0.08265269436019373
-0.07720551621587846
-0.07187445015336302
-0.06666036592763835
-0.06156409942582575
-0.056586451625760814
-0.051728187526508984
-0.04699003505059074
-0.04237268391782467
-0.03787678449072984
-0.03350294659154218
-0.029251738291002694
-0.02512368466916881
-0.021119266548633164
-0.017238919200650127
-0.013483031024833503
-0.009851942203196185
-0.006345943329529868
-0.0029652740152270596
0.00028987852709749795
0.003419380920701043
0.006423155080732101
0.009301179687279504
0.012053491673197803
0.014680187724293914
0.01718142578916182
0.01955742659566484
0.0218084751708445
0.02393492236065775
0.025937186345707852
0.027815754148794003
0.02957118312980711
0.031206614240151476
0.03271776853103292
0.03410789115048751
0.03537783516372839
0.03652853107299214
0.03756098812459996
0.03847629556305132
0.03927562382522254
0.03996022566741164
0.04053143721772612
0.04099067894615005
0.04133945654436744
0.04157936170732213
0.04171207280833733
0.04173935545960972
0.04166306294975386
0.041485136550285295
0.041207605682807236
0.040832587939005016
0.04036228894562899
0.03979900206699938
0.0391451079378915
0.03840307382009245
0.03757545277640273
0.036664882656474385
0.03567408488942703
0.034605863079043564
0.03346310139800268
0.032246279538942435
0.030963475862505474
0.029615255540511365
0.028204804945037187
0.02673537989993857
0.02521030284806214
0.023632959820562016
0.022006797213247387
0.02033531837594671
0.01862208002223098
0.01687068846777917
0.015080099814099857
0.013263915585657982
0.011420673586606034
0.009554137680829244
0.007668100297650637
0.005764176330665283
0.0038512980703084843
0.0019276644750985117
Robins-MacBook-Pro:myApp robinmalhotra$
